508 -414 705 -174 105 641 -960 -219 -978 -863 389 -883 -504 -479 -767 906 -849 -526 487 438 573 -499 -682 779 -208 -995 -234 980 -455 253 318 -217 -780 37 -548 -674 -225 -424 -385 -663 781 306 310 -607 -949 -661 322 138 -783 -349 877 40 -676 536 84 395 373 -446 -612 -952 783 -528 117 -376 478 393 -90 541 -235 -747 -997 945 690
-475 699 -998 -316 -553 -696 -389 606 -809 866 143 -799 -281 164 -900 972 -311 -338 -107 -659 -816 657 310 -387 -227 -180 -298 -588 117 -524 -671 184
444 58 675 -270 -434 -103 252 410 -852 -722 -5 901 935 -513 787 372 921 -822 -842 -247 -103 421 -777 -541 451 897 808 -127 760 -148 -741 -975 -730 585 103 514 -489 -906 -483 -979 -134 -335 408 906 724 -997 -995 -556 -885 670 352 -676 -493 -529 976 329 521 -864 579 -825 -386 -627 692
185 575 730 -625 -482 -378 199 317 578 757 -643 33 -900 223 520 -152 -706 -701 -234 -144 -617 -341 799 174 436 -337 -948 -33 -143 686 920 -649 865 -686 -764 -861 -115 -450 -692 756 -893 -559 446 668 -4 426 -734 -940 -350 999 829 -826
888 464 -781 767 -880 -450 681 -724 -593 69 -523 139 288 -48 276 -880 -432 20 921 229 538 -529 605 733 -464 -763 18 758 -329 579 -23 -941 -517 -627 217 -1000 -280 815 -818 -315 -120 725 -713 -217 804 180 117 668 -631 -39 -168 -850 -793 -907 176 -505 -907 -590 -38 177 218 896 792 -737 -771 680 516 -316 525 390 913 147
79 887 -88 894 -656 767 -828 697 -507 -91 594 302 538 -816 -185 -800 -107 905 674 -900 301 438 -312 701 293 -924 -630 526 -658 -255 737 -907 -694 -548 107 67
698 -91 628 181 405 -787 214 -494 -516 795 431 74 -449 332 572 500 -62 -710 -18 18 322 -525 -707 -405 -886 -217 -678 -308 624 -77 -419 -640 506 -107 839
636 -916 -98 407 370 -958 578 961 -248 933 777 -606 -304 125 -167 116 -767 -34 718 -433 -767 65 -914 79 -762 778 328 765 -427 -914 -753 -773 809 599 -980 571 -189 -112 -962 291 126 840 934 743 575 -416 706 -361 -456 884 247 -349 -658
-706 330 -988 717 -416 -759 515 -106 591 778 -289 22 -507 926 -968 246 999 -585 -677 252 636 -167 -372 409 -586 687 372 -820 976 764 -802 889 -805 -934 -195 -916 265 -913
-860 167 -924 756 -580 746 -894 -593 769 -776 149 -85 -123 -117 268 -835 943 -722 -476 760 -875 823 -403 476 -192 435 -707 292 -571 -278 -662 -71 -853 327 -443 395 766 977 -546 583 -999 -289 -651 -925 460 23 934
-110 -583 -10 58 516 -51 110 732 -452 -54 -904 -522 -981 256 -820 -4 -707 -57 2 -444 -507 -33 722 908 47 191 -684 -333 198 55 -709 -592 793 -750 652 860 304 139 -914 -444 729 355 -116 -539 512 906 -449 -985 691 -433 58 487 304 -917 750 -479 9 -676 510 -962 706 36 -533 221 -576 -979 -76 -47 -516 -26 -535 902 -587
662 -193 974 -298 448 187 -614 809 745 80 54 -31 -1 253 707 456 412 113 136 -568 66 -832 611 301 50 846 -868 606 -61 -845
-735 -519 -998 703 -670 -728 855 -381 -913 939 -181 -470 957 -386 116 -697 261 89 696 -10 -803 698 -86 153 -308 -496 880 866 417 518 90 583 257 475 342 -341 201 318 536 -661 709 381 275 -671 609 -273 35 345 990 -942 196 205 -216 666 843 -998 504 477 -240 528 -775 -229
-126 -117 -353 -462 224 443 193 -994 419 -251 811 -799 263 513 -109 -550 790 814 132 -304 784 -779 -432 774 -243 694 -875 727 243 858 -889 -525 -9 216 486 -137 -190 992 -735 558 591 827 740 -362 475 -700 -224 -569 765 213 -506 281 -404 -860 742 -534 604 841 7 -152 998
988 541 308 928 -297 -34 -788 196 28 14 -356 -894 -885 -348 631 896 21 -693 24 -937 -584 -312 502 -435 2 12 -187 557 765 -130 581 -682 875 -803 -697 -464 877 -949 407 881 -589 579 540 -345 516 72 129 -402 -305 542 -270 -973 -126 726 -108 826 -123 -634 -334 586 -234 -994 46 -765 629 83 996 151 293 84
-997 -473 440 122 60 -533 -956 -148 -833 -324 321 -572 -329 901 -150 -137 695 -820 -3 468 -723 569 833 -328 999 216 362 -657 605 -352 83 510 -697 -284 -992
-351 -528 -370 739 132 648 -585 -707 129 908 -376 248 -724 -692 504 -269 -348 11 554 -562 -908 475 886 862 852
177 -450 36 -234 787 377 -635 -775 -406 -822 -812 -807 858 -252 610 -228 -532 573 90 852 353 528 335 712 -238 791 -118 303 -178 -107 799 634 344 76 -393 -984 -805 -120 95 453 -368 -283 190 -845 -5 -404 914 -117 218 -403 810
763 -817 887 -952 938 587 163 -475 -123 -237 324 -260 5 -987 53 478 865 -829 -363 -369 -619 574 184 863 684 -28 560 -946 -872 408 745 -891 389 622 -605 -99 106 710 -555 274 488 638 -871 927 167 231 -377 -704
741 -142 12 239 -359 265 557 -124 856 -785 -442 -244 -947 74 737 911 834 -105 842 623 -259 512 197 -694 380 335 816 194 160 -127 -947 275 -773 217 538 -770 158 -229 -526 -137 327 39 49 -380 -437 -136 -920 645 231 246 643 423 83 -934 941 993 -949 -934 647 -949 -813 8 39 -398 -362 675 388
993 636 -583 976 -361 -885 -790 435 949 547 660 -635 307 -878 -784 -843 -521 695 -386 523 627 -827 638 438 937 -71 601 618 -480 922 -455 501 -898 -401 308 -130 -401 -81 -523 -249 -452 201 90 235
-870 -652 -572 -638 907 -16 954 -127 541 -652 -695 522 154 -619 -25 -61 842 -515 379 -580 -996 -969 -223 171 -657 -565 265 164 -329 -142 487 966 -402 174 979 839 -805 318 471 -278 706 -149 -5 281 -352 -989 844 341 125 -305 915 755 753
454 -40 -572 664 403 69 377 601 -263 634 556 -234 -355 551 -248 -264 -581 519 791 -87 -712 -954 -400 -292 -386 -227 834 -455 -195 217 -701 -371 -199 56 -235 -137 136 -176 -911 106 193 848 568 711 -197 907 217 786 -280 573 -470 -770 -446 -652
-428 146 -581 -89 -942 572 211 307 -87 -642 654 710 846 -61 854 119 341 -781 -874 600 613 681 -648 -349 192 166 -252 410 -916 780 -338 -607 511 986 -889 -165 -374 631 -9 886 -416 -954 -60 80 -802 607 765 748 159 486 115 509 844 491 -651 401 491
724 -590 -425 708 -683 889 -874 622 -475 4 585 755 448 565 -650 779 501 16 -826 365 -214 626 -185 -948 336 216 396
544 657 -997 -613 -675 66 -631 723 -599 -786 224 -200 -914 -138 -217 -898 341 155 -624 856 -159 302 -682 784 704 665 30 -472 -304 152 -900 -263 291
-74 -967 -743 -990 -723 431 -807 418 199 -694 -834 -776 -825 -625 -275 -267 532 950 -21 91 759 -880 459 -803 672 170 -701 652 700 -805
-774 -761 916 420 94 -933 611 150 528 -172 -45 549 -931 -249 -549 -136 -680 -676 -170 575 -778 -814 -323 618 -153 505 -301 529 -956 966 -750 -957 -153 900
30 483 -697 -150 -733 -694 -703 940 44 245 323 -820 -42 -557 649 -121 945 794 -310 317 -171 -25 -638 -951 6 601 -482 954 -130 -52 -577 -257 832 -704 725 -341 626 593 41 350 626 -512 397 -566 -466 -353 -885 939 853 689 997 -797 -354
412 -58 186 -413 566 468 125 -599 885 -192 409 -235 -794 -492 827 -353 -503 238 434 348 344 -89 574 -259 725 -369 -372 69 519 -232 674 510 -49 -673 366 -199 -879 -266 332 701 -360 -440 53 421 -190 -362 381 612 -996 244 -522 -238 906 -527 378 -476 -804 -319 -285 757 525 -486 -319 -781 -730 716 536 681
419 -443 611 -432 994 -574 -151 -560 978 -529 -584 -158 810 -479 -193 124 83 904 -795 -969 -330 76 -566 522 14 225 -294 -246 746 -650 379
579 -245 218 309 -326 -685 963 -806 318 -401 -42 457 96 943 886 703 539 -304 -196 -408 -999 859 125 -204 -466
983 447 -190 434 -88 645 353 33 285 -585 415 341 -454 375 181 -449 616 557 76 -315 878 -736 -419 939 510 326 -391 -28 421 -894 589 -172 184 -26 -494 294 769 689 -927 -349 -744 388 995 586 224 58 -661 403 45 424 977 340 -691 83 -96 -685 -131 493 365 -942 302 304 140 595
-518 -228 -674 338 -323 -103 482 -454 -556 -664 483 -996 186 563 -546 -245 -607 921 847 297 785 -272 886 254 -512 -465 643 -994 95 -666 -632 654 -262 303 597 96
-31 158 415 -242 -252 -365 836 -323 145 555 168 -525 484 156 958 -440 -592 331 398 -749 843 880 600 757 186 -501 523 -675 -608 -292 -612 -735 -606 -499 571 405 172 643 778 614 93 -885 -958 28 -549 -40 13 -11 560
-407 -656 -745 844 -313 -478 443 -190 -382 -170 -310 -169 -167 539 907 291 -778 19 -672 -462 154 639 955 236 937 -241 282 903 44 -440 909 656 478 152 -73 842 471 799 67 -116 -602 -995 725
138 644 -540 -51 329 -161 241 -71 -285 408 -215 -975 940 -68 301 911 786 -221 -13 -397 501 190 -62 -869 -910 24 73 393 571
-528 853 -582 360 -971 165 741 -511 -329 -803 -139 876 139 359 244 -944 868 179 -54 -665 -236 179 -396 733 943 -172 678 942 5 -782 95 86 466 -636 692 -407 -347 548 266 993 929 366 613 598 192 880 -741 750 -618 -394 -319 573 515 -617 -423 37 610
211 550 704 761 511 171 471 824 -859 41 -883 -975 -658 -61 -564 645 -33 -386 -302 310 612 298 528 354 532 -598 -212 -931 -405 -553 -885 941 846 -85 556 -586 40 785 377 -889 -581 -411 -165 631 -154 -189 756 573 -428 803 -894 -381 -870 -600 973 -14 -875
-665 544 -634 -315 85 20 836 -80 103 -684 -860 42 -900 93 -556 382 -307 906 236 304 501 -890 -895 549 210 -598 -707 916 782 177 62 -260 652 -854 -691 570 328 388 -552 913 186 -945 544 294 371 575 431 -696 64 690 -215 -682 -206 -616 -66 304 522 294 -952 436 103 238 -208 -406 747 322 -725 -901 422 -472 -453 626 -318 628 -110
608 -189 -476 -823 934 -758 608 148 533 237 700 -547 -312 -131 -301 45 601 431 173 736 633 225 -807 -975 781 912 471 -641 592 43 -178 -271 -525 -210 80 -884 695 -894 157 -159 -177 798 955 -666 634 345 -152 -201 511 37 -28 730 -562 -906 -156 327
-165 283 95 448 731 -999 482 686 -787 -232 -962 230 91 -297 161 228 641 756 309 243 -743 201 459 -834 773 -957 382 -52 -965 -463 315 -374 -469 186 -94 -627 -753 -825 -994 -372 132 550 133 -424 -203 134 -98 -167 -164 788 968 138 46 520 769 993 -66 -617 -155 -810 -959 862 913 223 -772 -917 660
-655 -211 -794 -333 646 -525 -78 -268 -877 708 481 362 372 -182 482 390 -938 -460 -100 23 609 235 -74 647 501 187 341 463 -547 -869 -135 -239 53 -570 873 389 -38 975 11 529 908 -313 -728 845 949 658 -506 429 678 875 340
-729 437 467 -456 -51 -377 -45 -407 842 178 54 -516 -512 235 -372 912 337 -335 97 350 3 535 629 25 634 205 577 528 802 -533 571 169 857 711 696 1 -826 -932 708 -39 874 -636 218 -332 -960 606 305 778 -892 355 836 722 521 -104 -618 -654 248 56 -405 129 -632 -805
908 -896 -136 167 -164 -676 251 -11 -564 204 102 38 -140 -960 900 777 -843 -761 -172 -631 834 114 -35 -361 -874 849 80 -248 -232 -229 192 220 -93 -602 847 191 828 -620 -533 757 585 52 -327 173 -514 -308 391 -681 -664 -394
-442 915 -62 -164 -525 -997 119 -122 -359 -868 476 -478 748 518 249 499 -795 -972 522 467 212 -663 142 2 -120 515 494 -668 693 -94 16 106 938 89 966 -877 -686 -139 -863 55 462 908 454 818 298 300 -507 -914 -353 898 98 -845 -304 -941 -38 -301 -397 441 -505 623 363 550
-830 -534 967 -972 -496 369 321 -253 73 656 541 -364 799 -705 660 199 -481 165 845 -730 -594 -197 -42 -918 -922 349 93 61 971 964 821 -802 -364 624 -397 643 -800 -183 745 -70 153 -490 -31 683 740 561
512 -621 -513 276 951 -285 851 -793 -921 358 988 23 599 72 871 -757 -221 426 448 -524 860 95 -642 -581 259 594 724 174 -468 -510 -460 -984 673 70 598 -59 -549 -987 -711 888 -710 939 -301 434 -171 -716 932 -657 -827 996 -517 683 578 -340 1 -922 514 412 -916 394 962 333 352 560 167 -106 403 149 516 -323 151 -365 37 -405
-993 -107 -376 -800 -926 925 459 -453 415 555 -867 -678 410 -757 853 795 150 501 -895 397 -612 -894 212 -612 -327 651 146 946 -388 -599 -251 531 -61 -464 -366 287 41 851 230 -174 -118 -112 -493 -9 374 662 -441 421 685 -659
458 898 -283 -289 -733 205 -985 788 807 -665 -488 -189 967 616 -515 -601 425 119 686 618 918 441 -703 306 -474 154 569 -298 380 -485 -744 -209 538 -404 323 647 158 -749 -848 -138 671 -816 -603 609 661 634 65 -926 -156 -851 -716 -111 -245 -281 -215 -897 -573 -58 -755 278 590
-259 993 -172 -420 -840 -379 130 -46 -257 -647 -765 -525 269 -446 368 -73 173 325 -536 -341 443 -580 -352 -680 -220 386 832 -821 865 -723 -202 -504 -194 161 826 785 169 818 -623 43 -605 -158 -474 -396 906 -286 380 -485 639 -251 -533 101 -816 816 543 418 285 -136 912 -890 -320 756 -32 -965 87 -611 504 -816 -863 383
173 365 525 716 745 -686 878 -388 868 -388 153 238 670 -807 -844 710 974 745 -533 -574 -305 -701 -543 -190 -572 -828 312 616 199 263 528 -518 -910 -970 -184 -861 24 640 -585 647 -342 -28 872 -50 -27 19 -561 580
622 -968 926 -476 87 -433 -207 -511 -700 178 441 -274 -922 199 -207 -586 688 -702 -936 -181 -162 -343 617 -909 -425 735 -145 -744 183 -652 245 563 947 -351 57 912 607 -963 489 -389 697 -102 844 -742
562 -224 758 -407 -57 481 490 -123 183 -556 -353 274 627 -581 496 -88 -30 -578 -643 57 -250 625 434 -938 -408 -42 -820 134
-572 206 -725 -894 -859 -768 -97 266 -880 257 -39 -992 639 163 823 -125 475 164 677 84 115 955 -53 681 22 -811 393 280
449 -36 -953 412 -416 -977 637 266 -808 -429 -704 -269 751 660 -876 968 949 -618 953 -861 -258 340 753 -402 -742 684 404 -764 -39
537 -83 -87 -185 75 125 -956 -946 -993 772 -542 -8 -236 -145 584 759 -609 104 830 984 -57 -691 -802 -220 86 -870 305 157 887 416 -627 -600 -478 211 -336 -84 -465 85 -765 -18 -451 369 194 54 736 -87 -806 571 45 104 274