-442.45
-354.4642857142857
-439.80555555555554
-483.9736842105263
-446.7916666666667
-499.6578947368421
-293.20588235294116
-353.6875
-488.2142857142857
-578.5555555555555
-518.7
-427.0
-458.0238095238095
-364.2
-533.0
-669.0
-470.75
-587.2
-469.77272727272725
-404.5
-437.0
-584.8571428571429
-428.7
-382.5
-496.1333333333333
-404.3181818181818
-410.39130434782606
-421.1842105263158
-544.9166666666666
-590.0588235294117
-383.17391304347825
-378.97222222222223
-464.75
-517.8928571428571
-455.45
-411.78125
-515.3333333333334
-630.452380952381
-477.25
-392.6333333333333
-539.7368421052631
-393.56666666666666
-376.537037037037
-540.6666666666666
-335.56666666666666
-396.75
-401.5
-355.03333333333336
-555.5625
-431.9583333333333
-367.0
-471.8333333333333
-490.32142857142856
-439.54545454545456
-473.70588235294116
-335.5416666666667
-385.03125
-659.3
-503.65909090909093
-590.3214285714286
-511.77272727272725
-521.0625
-465.03333333333336
-405.0
-317.8333333333333
-406.60714285714283
-590.5
-219.83333333333334
-437.7
-295.95454545454544
-587.7692307692307
-517.0625
