-413 -327 -653 47 -859 -955 -291 -155 -133 N/A 168 12 939 N/A -403 -192 N/A -199 N/A -148 -577 N/A -8 N/A -942 N/A 15 N/A 835 N/A 435 202 320 370 -673 348 -50 61 N/A 653 257 597 N/A 247 N/A -575 169 459 -157 -879
80 -378 16 -102 N/A -136 -756 828 923 N/A 564 N/A -224 -349 119 -499 N/A -264 -446 723 N/A -73 N/A -870 N/A 672 -811 -589 N/A 294 -411 N/A 242 -774 -834 N/A 257 407 524 -639 131
-962 -403 N/A -785 N/A 902 N/A 458 213 N/A 49 N/A 50 128 -774 -160 235 419 -449 -410 N/A 569 N/A 850 722 940 -153 N/A -779 N/A 769 N/A -339 682 N/A -383 5 588 -418 -5 -627 -713 715 -897 N/A 853 148 696 N/A 976 -950 -611 461 N/A 69 728 -476 -392 N/A 868 -496 N/A 169 92 N/A -646 947 -495 -525 N/A -307 57
234 -6 685 723 -820 -504 -535 N/A -770 -55 N/A -498 N/A -828 -645 N/A -108 -489 -128 85 164 465 N/A 521 -400 194 -565 N/A 952 N/A -563 917 N/A 78 N/A 526 N/A -999 484 -397 -969 -731 -547 N/A 92 524 N/A -642 969 -209 152 961 855 N/A 168
-933 812 N/A 472 467 -192 674 N/A -993 478 N/A 338 -793 -552 679 N/A -372 465 N/A 754 131 N/A -204 -25 687 -885 N/A -799 505 501 -112 203 -370 N/A -45 111 N/A -376 -971 N/A 148 -790 158 770 N/A 605 -291 -427 N/A 392 -411 646 -275 -701 899 252 -267 N/A -428 -864 N/A 766 145 N/A 669 27 930 N/A 605 927 N/A -789 N/A -724
-339 N/A 342 N/A 845 N/A 193 -927 56 861 N/A -421 -721 -678 600 307 N/A 937 377 N/A -825 441 -590 -62 -100 460 -272 411 -823 -146 N/A 505 N/A -599 N/A -394 N/A -17 481 -987 535 N/A 758 N/A -793 638 612 -403 -571 515 N/A 905 -262 -477 N/A -567 -257 463 N/A -196 -592 N/A -484 905
-481 275 -470 N/A -161 509 -511 N/A 346 799 N/A -682 N/A 537 N/A -121 -629 582 -426 513 N/A 724 745 -1 -772 -47 N/A 665 -454 N/A -412 -775 N/A -417 N/A 785 N/A 535 991 N/A -257 -59 540 -192 695 242 507 N/A 212 -381 798 410 -792 -126 N/A 486 344 371 -32 -110 562 N/A 187 440 N/A -241 89 N/A 401
-82 -634 575 296 N/A 280 N/A 63 961 676 N/A 23 N/A 423 -939 N/A -541 -864 617 N/A 995 N/A -194 356 -755 236 N/A 860 746 888 -984 -296 N/A -368 141 N/A 270 N/A -489 -442 -380 -193 657 462 N/A 852 -331 N/A 806 255 791 296 -618 929 N/A -171 -571 -216 N/A -167 -169 N/A 154 -871 N/A 586 -11 725
-856 -731 388 642 174 194 421 -234 N/A -625 235 N/A -265 -217 -993 151 N/A -295 -621 N/A 239 N/A -789 -78 -428 N/A -783
183 913 N/A 696 N/A 673 -374 772 -112 25 399 192 963 -408 745 770 899 258 N/A 204 -55 N/A -747 899 N/A 327 790 389 -941 219 N/A -949 -394 N/A -772 N/A -270 -258 856 N/A -645 N/A 703 250 N/A 478 N/A 838 52 N/A 209 -348 758
-220 N/A -71 -735 N/A -897 -841 -858 -89 N/A 128 N/A -127 -653 484 -844 N/A 987 -876 -348 856 484 -887 -690 449 -684 N/A -96 -697 N/A -627 732 -844 N/A -525 N/A -395 15 N/A -828
-526 880 102 -381 501 75 N/A 486 N/A 264 -731 -696 -980 N/A 152 548 N/A 928 221 N/A -724 -678 341 -528 -420 N/A 75 N/A -599
460 -288 N/A -672 N/A -267 -20 -595 703 -804 N/A -434 -743 -141 N/A -268 -839 N/A -782 9 -693 N/A 295 -142 N/A 164 152 N/A -549 305 N/A -521 -336 355 N/A -630 -105 -574 -907 N/A 396 871 -417 311 -627 N/A 800 873 -246 844 N/A 573 -220 161 N/A -802 963 329 N/A 716 537 467 949
688 538 -293 856 207 599 755 N/A -9 N/A 757 473 N/A -273 425 -391 617 -842 N/A 875 -496 -805 N/A 763 N/A -926 -869 -653 N/A 160 N/A 599
-278 -479 N/A -387 -28 N/A -526 -518 N/A 669 906 444 N/A 851 318 -600 439 633 899 N/A -309 165 N/A 289 N/A 687 -823 193 -641 N/A 885 -751 -697 878
139 N/A 140 -950 -973 N/A -893 -845 N/A -571 -964 -28 N/A 7 112 N/A 470 742 -523 185 217 N/A 874 -714 101 -640 N/A 384 -915 694 N/A 68 N/A 236 425 588 -330 414 521 N/A -251 -708 N/A -727 -488 -14
-183 916 N/A -28 319 N/A -975 N/A 959 827 873 734 452 248 N/A -822 900 404 N/A 293 N/A 876 -90 -244 -764 N/A -371 483 N/A 201 624 -441 701
-868 N/A -543 -943 -852 -837 N/A -736 834 N/A 607 194 970 N/A 255 N/A -269 -797 647 -332 172 N/A -913 N/A -321 N/A -440 361 -158 N/A -728 -875 706 232 222 -752
-651 N/A 983 404 N/A -359 555 465 180 -799 -273 429 N/A -851 389 N/A 28 N/A 807 211 N/A -665 870 -364 355 220 N/A -687 -211
578 N/A -742 N/A 123 252 244 N/A -413 N/A 84 -87 112 N/A 217 361 275 699 600 509 N/A -952 N/A -371 N/A 933 338 601 -182 -674 816 -433 -6 721 327 329 N/A 235 310 N/A -671 -377 N/A -844 551 -834 N/A 929 334 -490 N/A -975 -605 761 N/A 40 -582 N/A -65 578 N/A -729 -1000 598
-355 N/A -216 N/A 782 96 -49 76 256 N/A 198 889 N/A 58 769 N/A 163 N/A -687 496 N/A 903 -702 -339 -932 -872 -490 N/A 422 -703 -990 926 402 -108 -490 -423 N/A -886 -770 N/A 889 286 -370
-889 -667 64 N/A 393 N/A 663 319 -977 -529 N/A 907 -387 N/A 970 226 N/A 258 181 N/A -860 668 N/A 202 380 68 895 724 147 903 N/A -565 N/A -833 448 -125 -883 665 -75 268 929 -986 -380 N/A 647 92 N/A 632 N/A 417 -931 N/A 354
256 -507 434 -101 N/A -681 N/A -408 -747 423 179 -541 N/A -701 870 -14 -579 -667 -452 N/A 378 N/A 524 900 402 -173 N/A -3 N/A -137 N/A 815 441
-31 N/A -206 -278 -498 948 -95 N/A -111 -388 -286 97 N/A -766 985 309 N/A -155 -234 77 301 -985 N/A 735 N/A 954 832 332 -551 -358 N/A -923 N/A -236 981 -180 N/A 531 18 -346 -169 N/A -979 683 N/A -720 N/A 875 -363 N/A -559 758 -82 358 252 N/A -509 N/A 880 679 -658 -191 N/A 393 N/A -831 576 218
601 706 -969 2 N/A 982 -639 -190 N/A -510 -128 -413 N/A -604 -495 -846 N/A 635 523 622 N/A -887 N/A 648 -514 451 N/A -719 N/A 284 N/A -850 N/A 622 -328 -10 -529 N/A -802 -402 673 486 26 573 -202 -424 N/A 488 -759
-543 N/A 346 N/A -72 -375 411 N/A 429 -547 664 N/A -335 724 -990 15 N/A -952 N/A 714 N/A 391 227 718 -104 -338 N/A -608 -134 165 995 -660 -612 N/A 520 N/A -649 127 581 217 878 -775
-468 725 25 -552 -987 -153 -213 -231 575 -527 N/A 606 949 N/A -422 415 N/A -824 669 N/A -852 N/A 257 -499 -3 -436 -109 N/A -851 -92 -175 N/A 591 -455 N/A -281 -829 N/A -906 -154 N/A -74 -958 -381 N/A -426 -438 499 221 160 393 N/A -929 828 936 N/A 635 N/A -117 553 N/A -656 -240 22 -354 N/A 939 -178 N/A 298 -783 N/A 11
683 650 -425 -897 662 585 432 N/A 128 -908 8 N/A -885 -293 307 -931 565 -149 N/A 341 -602 -193 628 N/A 218 N/A -159 N/A -575 N/A 558 642 N/A -718 N/A 228 218 N/A -210 -143 -523 N/A -583 -462 N/A -269 164 361 689 -422 339
-440 N/A -227 N/A -194 N/A -837 -947 N/A 723 584 455 -694 287 125 -715 -613 -470 -575 N/A -711 N/A 288 -266 -14 -58 767 507 153 848 N/A 524 N/A 891 172
199 N/A -775 781 -976 N/A -167 N/A -643 379 940 888 843 N/A -344 -791 N/A 59 N/A 540 N/A -128 918 232 -74 411 417 956 426 -974 -505 N/A -899 N/A -771 -474 N/A 701 N/A 821 -204 N/A 826 -193 -935 -449 -654 -535 -385 N/A -68 -945 808 812
254 -922 N/A -798 -638 -165 790 296 874 N/A -442 N/A 450 798 -875 N/A 185 -626 N/A 0 -358 -687 -115 444 N/A 677 -875 -477 N/A 129 N/A -415 N/A 471 548 129 180 -958 -105 -645 N/A 78 -179 N/A 969 913 -86 -288 173 938 -371 69 N/A -119 N/A -585 -157 -822 N/A -299 -825 N/A 887 N/A 835 N/A -644 -28 N/A -470 369 430 302 -594
-279 N/A 877 500 N/A 95 N/A -63 -193 231 -556 368 -795 62 -720 N/A 422 -341 -517 N/A 390 N/A 1 N/A -300 -823 N/A -267 N/A -602 N/A 167 -934 562 -289 N/A 14 -772 830 248 -871 -980 833 N/A 145 277 N/A 411 -174 537 395 -268 N/A 668 -540 -96 440 997 -728 -544 N/A 795 -687 945 N/A 937 112 -514 N/A 966
764 840 -244 48 N/A 12 -940 N/A 362 112 -529 -734 578 -917 N/A -30 N/A -791 N/A 688 N/A -632 N/A 496 -463 -750 373 734 387 827 -644 -638 N/A -915 -174 -730 -378 628 783 N/A 548 N/A -277 511 927 -823 -92 614 -715 N/A 829 -221 116 N/A 405 -263 229 N/A -755 N/A 357 N/A -178 N/A -477 N/A -215 -73
-630 926 -504 855 -257 988 -797 670 -246 N/A -118 -77 953 -45 650 -950 N/A 651 411 N/A 117 408 N/A 453 N/A 69 -595 N/A -918 N/A -995 -648 305 N/A -642 -89 N/A -929 N/A -924
-735 N/A -159 931 742 208 957 46 N/A -876 -831 -309 -100 N/A 17 N/A 918 -498 377 -760 914 N/A -868 N/A 628 N/A 413 636 N/A -120 451 -278 -626 198 623 N/A -949 -505 490 N/A 409
532 982 N/A 101 40 561 -163 -711 N/A 129 N/A 166 N/A -247 315 -186 N/A -921 N/A 179 N/A -762 971 246 -309 -354 -66 N/A -591 N/A 516 648 N/A -502 33 66 -820 909 N/A 979 766 -980 -640 -984 -162 19 N/A -829 N/A 953 -706 -499 258 436
-299 -818 250 -581 391 N/A -376 N/A -17 -644 N/A -491 764 835 529 -376 N/A 641 N/A 744 -813 584 N/A 239 416 506 N/A 142 N/A -914 -205 N/A 409 -989 25 N/A -229 691 394 N/A 438 N/A 91 951 98 N/A 707 -142 861 -911 -885 -426
-693 18 561 532 -975 772 -826 -966 291 -877 N/A -31 405 -641 829 N/A -761 N/A -945 N/A -560 -24 N/A -882 -563 N/A -974 105 N/A -889 -932 715 N/A 482 N/A -306 -882 322 818 N/A -364 91 -948 N/A -695 -106 N/A -802 221 -181 N/A 36 -727 N/A 771 -839 -172 -782 N/A -207
764 -546 474 191 -567 -877 -312 673 N/A 924 -141 89 -473 N/A 632 N/A 740 -763 N/A -920 N/A -948 -357 -806 157 -574 -7 540 N/A 379 866 -752 345 N/A 645 244 N/A -963 N/A -157 798 761 776 0 704 N/A -455 -421 N/A -356 N/A 684 4 890 N/A -755 N/A 534 -290
922 -66 434 N/A -772 -447 661 964 N/A -767 766 -190 -598 636 -47 79 -227 -576 713 N/A -622 N/A 164 N/A -552 -882 N/A -992 516 -148 -10 260 318 -486 -145 -340 N/A 925 N/A -105 -964 N/A 41 -862 344 N/A 445 N/A -501 319 662 N/A 96 -375 N/A -651 N/A 684 -315 591 N/A 965
-372 165 -155 N/A 804 N/A -787 -868 -23 N/A -946 N/A -547 319 793 397 -378 -587 N/A -805 -197 443 -662 -974 N/A 971 948 N/A -535 183 N/A -96 N/A 164 N/A -914 651 N/A -625 860 -924 161 417 N/A 934 -689 N/A 562 -879 N/A -943 176 N/A 540 799 45 847 763 N/A 270 -764 466 -172 -901 960 N/A 285 569 -982
-804 -305 N/A -774 490 -359 -296 N/A 431 34 N/A 550 N/A 54 N/A 205 -856 -547 -537 -538 -151 N/A 683 966 N/A -18 -560 -189 N/A -777 84 733 100 -657 588 416 -59 919 741 N/A 64 N/A -218 -479 51 -902 991 -56 N/A -420 467 -255 N/A 352 -489 N/A 293 581 -64 279 N/A -140 N/A 471 210 N/A -642
-285 786 N/A -474 -427 -749 505 N/A 745 N/A 916 -36 692 N/A -913 N/A -331 -482 260 511 -223 N/A 711 -941 -265 -708 N/A -887 N/A -253 -101 137 -122 N/A -181 -87 554 -936 149 -554 -472 429 N/A -329 933 -460 -111 -611 N/A -363 -820 N/A -169 N/A -744 N/A 577 286 N/A -335 725
184 -587 N/A 543 481 633 -441 N/A 660 N/A -839 491 375 -123 N/A -738 N/A -982 -312 990 N/A -739 -939 323 330 N/A 118 -776 -207 56 -671 602 495 N/A -280 N/A 841 -437 N/A 594 -985
800 N/A 686 N/A 268 N/A 498 869 197 N/A -284 N/A 64 N/A -698 486 -93 -416 N/A 113 -686 -975 -355 -305 593 -81 -278 -458 N/A -19 N/A -489 -2 -34 813 N/A -195 -455 82 -795 N/A 51 -510 752 -521 107 677 N/A 708
-751 -167 N/A 558 382 739 -428 -621 N/A -17 -506 322 -396 -314 462 -83 374 -438 N/A -748 N/A -498 N/A -70 N/A 650 N/A 364
971 N/A -540 251 N/A -24 -403 -105 -819 927 391 -693 N/A 506 599 431 N/A 949 N/A -553 -471 79 N/A -166 -24 -369 N/A -2 653 -803 867 68 -395 -289 -570 -469 673 N/A -639 N/A -138 N/A 439 -617 -800 N/A 994 -279 -118 N/A 91 -480 676 N/A 720
379 214 981 -640 535 453 N/A -201 -344 N/A 425 N/A -255 -369 N/A -271 N/A -908 905 178 N/A -207 N/A -100 -414 -773 -571 N/A 900 N/A -26 N/A -834 942 N/A -291 910 656 -810 N/A 490 -52 -159 170 N/A -276 149 64 N/A -48 999 93 -318 420 153 N/A -821 -760 -597 47
-609 903 626 N/A -758 -745 865 N/A 49 N/A 659 715 361 339 N/A 686 -380 17 894 -977 731 N/A -16 895 -419 324 557 132 N/A -911 -249 N/A -945 N/A 483 -532 -345 -812 752 323 N/A -223 -214 N/A -909 -294 N/A 362 431 219 N/A 236 -557 N/A 115 N/A 306 N/A 547 -808 308
-101 -145 247 481 -522 N/A -904 -154 224 -251 N/A 854 -748 772 N/A 504 -34 -892 N/A -96 -857 -146 -811 N/A 24 N/A -944 N/A -471 N/A 327 N/A -558 541 -519 -394 742 414 N/A -612 138
422 N/A 794 465 -784 N/A 462 -588 -679 588 N/A 88 486 N/A -261 200 221 222 534 N/A -650 516 -568 306 N/A -68
-565 N/A 651 38 -543 -58 -288 -310 -203 407 -462 248 N/A 882 683 N/A 55 -857 N/A -229 -580 -662 263 -177 -502 N/A 254 865 349 -489 N/A 694 526 N/A 43 281 N/A -526 942 N/A -997 -909 -704 N/A 664 N/A 958
63 N/A 957 437 N/A -658 878 N/A -366 300 785 -469 -614 N/A 975 928 -750 -481 N/A 264 N/A -677 N/A 686 -921 680 768 928 739 80 N/A -570 -148 N/A 399 -764 N/A -985 -10 N/A 176 283 151 568 500 N/A 247 163 N/A 974 80 -589 N/A 302 N/A -674 -609 912 -445 -652 N/A 995 413 545 934
-608 N/A -268 N/A -226 627 732 N/A 614 23 N/A -603 916 N/A -258 N/A 908 -107 474 522 81 N/A -872 -768 N/A -958 -226 673 136 -737 287 N/A -862 -387 247 -304 -818 N/A 415 -542 N/A 491 N/A 37 -981 974 95 -274
58 -461 N/A -850 N/A 474 N/A 151 N/A -823 590 594 N/A 299 -384 N/A 488 N/A 321 -921 N/A -664 401 310 N/A -476 -971 -213 962 994 -949 N/A 729 -469 N/A 897 -629 -183 -311 66 N/A -832 520 141 -504 221 804 N/A -53 720 954 -484 N/A -968 -3 -153
998 -380 N/A 729 -53 N/A 360 -431 475 -299 -854 713 -35 536 N/A -873 741 -832 N/A 858 -189 N/A 367 N/A 857 -644 N/A 934 349 N/A 201 232 N/A -615 417 N/A 869 531 -88 -697 15 N/A -942 -11 31 806
747 N/A 847 435 -373 -801 894 N/A -235 593 182 N/A 181 N/A -19 N/A -412 N/A 693 92 N/A -681 40 -793 -708 806 N/A 478 -479 868 -409 N/A 391 N/A -732 787 2 184 -1000 N/A 961 -870 -762 -746 28 -222 N/A -764 N/A 225 -540 220 N/A 390 N/A -814 -899 81 43 530
385 60 -933 -774 616 -813 -277 -839 -434 N/A -581 N/A 847 -566 N/A -928 -114 -898 N/A -188 N/A 432 N/A 598 54 -902 N/A -601
-523 111 -320 N/A -450 -118 -345 976 N/A -325 N/A -568 N/A -755 829 N/A 563 -296 -630 750 -864 -795 N/A 542 -706 -888 -765 N/A -614 -940 -871 N/A 502 191 N/A -769 -836 N/A 763 -225 N/A 402 -77 -807 220 N/A -837 -859
33 -854 213 N/A 539 -778 -121 755 N/A -359 N/A -845 -600 -712 419 N/A 466 N/A 370 763 N/A -204 5 167 179 749 -823 339 N/A -759 527 -810 864 N/A 576 845 N/A 439 884 -931 N/A 589 -707 N/A 38 755 N/A 819 988 -662 -849 933 32 672 N/A -448 381 N/A -929 N/A -130 781 229 -835 N/A 692 N/A 398 -918 332 -956
726 663 503 -289 -381 -630 241 -883 490 294 -885 N/A 170 N/A -675 N/A -811 -233 229 -882 345 N/A 30 N/A 65 N/A -304
180 N/A 109 N/A -775 -422 579 170 N/A -852 N/A -390 702 970 -622 431 528 123 -284 N/A -844 N/A -186 -182 784 N/A -863 -54 881 -681 315
-3 368 -246 113 -535 634 838 N/A -395 -260 621 329 N/A 697 -358 N/A 432 -57 N/A 603 855 N/A -11 795 562 450 N/A 760 -48 575 -421 -729 N/A -833 N/A -930 N/A -362 N/A 615 917 261 -122 N/A -212 423 N/A 771 -527 -183 -453 N/A -999
-601 -550 N/A -913 -190 N/A 620 927 -836 -474 -492 -187 509 -400 -902 N/A 112 603 N/A -904 N/A 855 -660 N/A 289 -415 -447 862 N/A 115
-231 55 -600 N/A -612 N/A -716 693 -170 -523 -63 N/A -584 244 N/A 415 -271 982 -895 864 -610 N/A 581 N/A -746 N/A 496 -492 N/A -696 705 N/A -616 790 N/A -418 -108 -403 24 -610 -646 N/A 527 -823
28 -794 -358 -662 -653 -817 N/A 755 N/A 11 337 -539 N/A 71 -612 13 N/A -618 N/A -273 -475 N/A -650 -946 615 N/A 389 683 259 -460 N/A -248 634 838 -61 N/A -338 916 N/A 663 -765 -708 N/A -143
252 379 876 421 N/A -688 N/A -930 N/A -914 N/A -769 -938 320 -946 -802 399 625 -696 -442 -385 -389 N/A 397 -180 N/A 732 5 -827 263 -34 N/A 747 N/A 890 -795 -405 N/A -551
567 N/A 273 -770 191 -550 N/A -189 519 N/A -924 -81 -944 N/A 899 N/A -710 64 795 -763 429 304 N/A 177 N/A -406 95 265 N/A -540 649 N/A -144 978 -558 778 327 -99 -704
25 484 -818 903 -62 N/A -283 N/A 759 N/A 286 N/A -748 146 -320 N/A 503 -783 N/A 126 -340 197 867 N/A -999 -273 -794 N/A 54 -249 119 178 -200 N/A 30 -85 -963 N/A 475 -530 -1000 557 -769 N/A -392 -164 607 553 N/A -573 N/A 603 104 N/A 115 -620 664 N/A 335 -191 580 N/A 32 -488 N/A -240 19 225 814 -270 N/A 667
162 N/A 990 -408 -93 196 975 465 -822 N/A 523 150 236 773 580 183 N/A -689 158 N/A -892 889 82 N/A 524 502 370 704 359 N/A -635 -29 -84 N/A 355 N/A -512 N/A 265 -772 -932 -928 N/A -94 N/A 980 758 N/A -327 -882 -848 783 N/A -208
-961 282 N/A -510 -410 -244 511 N/A -397 N/A 615 997 -418 365 N/A 29 896 705 N/A -339 N/A -253 -624 374 -989 -793 N/A 937 987 -356 -628 N/A 900 -59 -791 395 -939 -399 N/A -831 N/A 391 -842 N/A 292
-958 -873 579 468 N/A 136 552 -675 226 43 N/A -572 N/A 670 236 544 N/A -344 -581 N/A -402 867 432 231 -361 -56 N/A 938 693 -948 -976 -642 N/A -60 741 N/A 907 N/A -856 N/A 452 353 364 N/A -832 N/A -297 N/A -714 189 N/A -514 684 237 N/A -713 -836 -829 N/A -340 -590 N/A -766 -486 606 -913 -107 802